776
162 0 2.65905e-16 0
163 0 2.65905e-16 0
164 0 2.65905e-16 0
165 0 2.65905e-16 0
166 0 2.65905e-16 0
167 0 2.65905e-16 0
168 0 2.65905e-16 0
169 0 2.65905e-16 0
170 0 2.65905e-16 0
171 0 2.65905e-16 0
172 0 2.65905e-16 0
173 0 2.65905e-16 0
174 0 2.65905e-16 0
175 0 2.65905e-16 0
176 0 2.65905e-16 0
177 0 2.65905e-16 0
178 0 2.65905e-16 0
179 0 2.65905e-16 0
180 0 2.65905e-16 0
181 0 2.65905e-16 0
182 0 2.65905e-16 0
183 0 2.65905e-16 0
184 0 2.65905e-16 0
185 0 2.65905e-16 0
186 0 2.65905e-16 0
187 0 2.65905e-16 0
188 0 2.65905e-16 0
189 0 2.65905e-16 0
190 0 2.65905e-16 0
191 0 2.65905e-16 0
192 0 2.65905e-16 0
193 0 2.65905e-16 0
194 0 2.65905e-16 0
195 0 2.65905e-16 0
196 0 2.65905e-16 0
197 0 2.65905e-16 0
198 0 2.65905e-16 0
199 0 2.65905e-16 0
200 0 2.65905e-16 0
201 0 2.65905e-16 0
202 0 2.65905e-16 0
203 0 2.65905e-16 0
204 0 inf 0
205 0 inf 0
206 0 inf 0
207 0 inf 0
208 0 inf 0
209 0 inf 0
210 0 inf 0
211 0 inf 0
212 0 inf 0
213 0 inf 0
214 0 inf 0
215 0 inf 0
216 0 inf 0
217 0 inf 0
218 0 inf 0
219 0 inf 0
220 0 inf 0
221 0 inf 0
222 0 inf 0
223 0 inf 0
224 0 inf 0
225 0 inf 0
226 0 inf 0
227 0 inf 0
228 0 inf 0
229 0 inf 0
230 0 inf 0
231 0 inf 0
232 0 inf 0
233 0 inf 0
234 0 inf 0
235 0 inf 0
236 0 inf 0
237 0 inf 0
238 0 inf 0
239 0 inf 0
240 0 inf 0
241 0 inf 0
242 0 inf 0
243 0 inf 0
244 0 inf 0
245 0 inf 0
246 0 inf 0
247 0 inf 0
248 0 inf 0
249 0 inf 0
250 0 inf 0
251 0 inf 0
252 0 inf 0
253 0 inf 0
254 0 inf 0
255 0 inf 0
256 0 inf 0
257 0 inf 0
258 0 inf 0
259 0 2.62572e-15 0
260 0 inf 0
261 0 2.51414e-15 0
262 0 2.63419e-15 0
263 0 2.67484e-15 0
264 0 2.63419e-15 0
265 0 2.62317e-15 0
266 0 2.62868e-15 0
267 0 inf 0
268 0 inf 0
269 0 inf 0
270 0 inf 0
271 0 inf 0
272 0 inf 0
273 0 inf 0
274 0 inf 0
275 0 inf 0
276 0 inf 0
277 0 inf 0
278 0 inf 0
279 0 inf 0
280 0 inf 0
281 0 4.80431e-15 0
282 0 4.8637e-15 0
283 0 inf 0
284 0 4.76495e-15 0
285 0 inf 0
286 0 inf 0
287 0 inf 0
288 0 inf 0
289 0 2.35553e-15 0
290 0 inf 0
291 0 inf 0
292 0 inf 0
293 0 inf 0
294 0 inf 0
295 0 inf 0
296 0 inf 0
297 0 inf 0
298 0 inf 0
299 0 inf 0
300 0 inf 0
301 0 inf 0
302 0 inf 0
303 0 inf 0
304 0 inf 0
305 0 inf 0
306 0 inf 0
307 0 2.57517e-16 0
308 0 inf 0
309 0 2.57517e-16 0
310 0 2.57517e-16 0
311 0 inf 0
312 0 inf 0
313 0 2.57517e-16 0
314 0 inf 0
315 0 inf 0
316 0 inf 0
317 0 inf 0
318 0 inf 0
319 0 inf 0
320 0 inf 0
321 0 inf 0
322 0 inf 0
323 0 2.57517e-16 0
324 0 inf 0
325 0 inf 0
326 0 inf 0
327 0 inf 0
328 0 inf 0
329 0 inf 0
330 0 inf 0
331 0 inf 0
332 0 inf 0
333 0 inf 0
334 0 inf 0
335 0 inf 0
336 0 inf 0
337 0 3.23013e-15 0
338 0 3.261e-15 0
339 0 3.32259e-15 0
340 0 3.32275e-15 0
341 0 inf 0
342 0 3.35379e-15 0
343 0 3.40514e-15 0
344 0 3.41554e-15 0
345 0 2.81639e-15 0
346 0 2.84727e-15 0
347 0 2.89468e-15 0
348 0 inf 0
349 0 2.92336e-15 0
350 0 2.95424e-15 0
351 0 2.99613e-15 0
352 0 3.01598e-15 0
353 0 inf 0
354 0 inf 0
355 0 inf 0
356 0 inf 0
357 0 inf 0
358 0 inf 0
359 0 inf 0
360 0 inf 0
361 0 2.57517e-16 0
362 0 2.57517e-16 0
363 0 inf 0
364 0 2.57517e-16 0
365 0 inf 0
366 0 inf 0
367 0 inf 0
368 0 inf 0
369 0 2.57517e-16 0
370 0 inf 0
371 0 2.57517e-16 0
372 0 2.57517e-16 0
373 0 inf 0
374 0 inf 0
375 0 inf 0
376 0 inf 0
377 0 inf 0
378 0 inf 0
379 0 inf 0
380 0 inf 0
381 0 inf 0
382 0 1.29999e-14 0
383 0 inf 0
384 0 1.26297e-14 0
385 0 inf 0
386 0 inf 0
387 0 3.0275e-15 0
388 0 3.08924e-15 0
389 0 3.15099e-15 0
390 0 3.21274e-15 0
391 0 inf 0
392 0 inf 0
393 0 inf 0
394 0 inf 0
395 0 inf 0
396 0 inf 0
397 0 inf 0
398 0 inf 0
399 0 inf 0
400 0 inf 0
401 0 3.59646e-15 0
402 0 3.6582e-15 0
403 0 inf 0
404 0 inf 0
405 0 inf 0
406 0 inf 0
407 0 inf 0
408 0 inf 0
409 0 inf 0
410 0 inf 0
411 0 inf 0
412 0 inf 0
413 0 inf 0
414 0 inf 0
415 0 inf 0
416 0 inf 0
417 0 2.70178e-15 0
418 0 inf 0
419 0 inf 0
420 0 inf 0
421 0 inf 0
422 0 inf 0
423 0 inf 0
424 0 inf 0
425 0 inf 0
426 0 inf 0
427 0 inf 0
428 0 inf 0
429 0 inf 0
430 0 inf 0
431 0 inf 0
432 0 inf 0
433 0 inf 0
434 0 inf 0
435 0 inf 0
436 0 inf 0
437 0 inf 0
438 0 2.57517e-16 0
439 0 2.57517e-16 0
440 0 inf 0
441 0 2.57517e-16 0
442 0 inf 0
443 0 inf 0
444 0 2.57517e-16 0
445 0 inf 0
446 0 2.57517e-16 0
447 0 2.57517e-16 0
448 0 inf 0
449 0 inf 0
450 0 inf 0
451 0 inf 0
452 0 2.57517e-16 0
453 0 inf 0
454 0 inf 0
455 0 inf 0
456 0 inf 0
457 0 inf 0
458 0 inf 0
459 0 inf 0
460 0 inf 0
461 0 inf 0
462 0 inf 0
463 0 inf 0
464 0 6.59096e-15 0
465 0 6.59096e-15 0
466 0 inf 0
467 0 inf 0
468 0 inf 0
469 0 inf 0
470 0 inf 0
471 0 inf 0
472 0 inf 0
473 0 inf 0
474 0 inf 0
475 0 inf 0
476 0 inf 0
477 0 8.41929e-15 0
478 0 inf 0
479 0 inf 0
480 0 9.45452e-15 0
481 0 inf 0
482 0 9.54383e-15 0
483 0 9.52398e-15 0
484 0 inf 0
485 0 8.94961e-15 0
486 0 8.73348e-15 0
487 0 9.45009e-15 0
488 0 2.48185e-15 0
489 0 inf 0
490 0 inf 0
491 0 inf 0
492 0 inf 0
493 0 inf 0
494 0 inf 0
495 0 inf 0
496 0 inf 0
497 0 inf 0
498 0 inf 0
499 0 inf 0
500 0 inf 0
501 0 inf 0
502 0 inf 0
503 0 inf 0
504 0 inf 0
505 0 inf 0
506 0 inf 0
507 0 inf 0
508 0 inf 0
509 0 inf 0
510 0 inf 0
511 0 inf 0
512 0 9.99027e-15 0
513 0 9.86678e-15 0
514 0 inf 0
515 0 inf 0
516 0 inf 0
517 0 inf 0
518 0 inf 0
519 0 2.92296e-15 0
520 0 inf 0
521 0 inf 0
522 0 inf 0
523 0 inf 0
524 0 inf 0
525 0 inf 0
526 0 inf 0
527 0 inf 0
528 0 inf 0
529 0 inf 0
530 0 inf 0
531 0 inf 0
532 0 inf 0
533 0 inf 0
534 0 inf 0
535 0 inf 0
536 0 inf 0
537 0 inf 0
538 0 inf 0
539 0 inf 0
540 0 inf 0
541 0 inf 0
542 0 inf 0
543 0 inf 0
544 0 inf 0
545 0 inf 0
546 0 inf 0
547 0 inf 0
548 0 inf 0
549 0 5.79812e-16 0
550 0 5.79812e-16 0
551 0 5.79812e-16 0
552 0 5.79812e-16 0
553 0 5.79812e-16 0
554 0 5.79812e-16 0
555 0 5.79812e-16 0
556 0 5.79812e-16 0
557 0 5.79812e-16 0
558 0 5.79812e-16 0
559 0 5.79812e-16 0
560 0 5.79812e-16 0
561 0 5.79812e-16 0
562 0 5.79812e-16 0
563 0 5.79812e-16 0
564 0 5.79812e-16 0
565 0 5.79812e-16 0
566 0 5.79812e-16 0
567 0 5.79812e-16 0
568 0 5.79812e-16 0
569 0 5.79812e-16 0
570 0 5.79812e-16 0
571 0 5.79812e-16 0
572 0 5.79812e-16 0
573 0 5.79812e-16 0
574 0 5.79812e-16 0
575 0 5.79812e-16 0
576 0 5.79812e-16 0
577 0 5.79812e-16 0
578 0 5.79812e-16 0
579 0 5.79812e-16 0
580 0 5.79812e-16 0
581 0 inf 0
582 0 inf 0
583 0 inf 0
584 0 inf 0
585 0 inf 0
586 0 inf 0
587 0 inf 0
588 0 inf 0
589 0 inf 0
590 0 inf 0
591 0 inf 0
592 0 inf 0
593 0 inf 0
594 0 inf 0
595 0 inf 0
596 0 inf 0
597 0 inf 0
598 0 inf 0
599 0 inf 0
600 0 inf 0
601 0 inf 0
602 0 inf 0
603 0 inf 0
604 0 inf 0
605 0 inf 0
606 0 inf 0
607 0 inf 0
608 0 inf 0
609 0 inf 0
610 0 inf 0
611 0 inf 0
612 0 inf 0
613 0 inf 0
614 0 inf 0
615 0 5.50768e-15 0
616 0 inf 0
617 0 inf 0
618 0 inf 0
619 0 inf 0
620 0 inf 0
621 0 inf 0
622 0 inf 0
623 0 inf 0
624 0 inf 0
625 0 inf 0
626 0 inf 0
627 0 inf 0
628 0 inf 0
629 0 inf 0
630 0 inf 0
631 0 inf 0
632 0 inf 0
633 0 inf 0
634 0 inf 0
635 0 inf 0
636 0 inf 0
637 0 inf 0
638 0 inf 0
639 0 inf 0
640 0 inf 0
641 0 inf 0
642 0 inf 0
643 0 inf 0
644 0 inf 0
645 0 inf 0
646 0 inf 0
647 0 inf 0
648 0 inf 0
649 0 inf 0
650 0 inf 0
651 0 inf 0
652 0 inf 0
653 0 inf 0
654 0 inf 0
655 0 inf 0
656 0 inf 0
657 0 inf 0
658 0 inf 0
659 0 inf 0
660 0 inf 0
661 0 inf 0
662 0 inf 0
663 0 inf 0
664 0 inf 0
665 0 inf 0
666 0 inf 0
667 0 inf 0
668 0 inf 0
669 0 inf 0
670 0 inf 0
671 0 inf 0
672 0 inf 0
673 0 inf 0
674 0 inf 0
675 0 inf 0
676 0 inf 0
677 0 1.96911e-15 0
678 0 2.79969e-15 0
679 0 1.94915e-15 0
680 0 2.79969e-15 0
681 0 2.11792e-15 0
682 0 2.79969e-15 0
683 0 2.68681e-15 0
684 0 2.79969e-15 0
685 0 2.68681e-15 0
686 0 2.79969e-15 0
687 0 2.68681e-15 0
688 0 2.79969e-15 0
689 0 2.68681e-15 0
690 0 2.79969e-15 0
691 0 2.68681e-15 0
692 0 2.79969e-15 0
693 0 2.68681e-15 0
694 0 2.79969e-15 0
695 0 2.68681e-15 0
696 0 2.79969e-15 0
697 0 2.68681e-15 0
698 0 2.68681e-15 0
699 0 inf 0
700 0 2.68681e-15 0
701 0 2.68681e-15 0
702 0 2.68681e-15 0
703 0 2.68681e-15 0
704 0 2.68681e-15 0
705 0 2.68681e-15 0
706 0 2.68681e-15 0
707 0 2.68681e-15 0
708 0 2.68681e-15 0
709 0 2.68681e-15 0
710 0 2.68681e-15 0
711 0 inf 0
712 0 2.79969e-15 0
713 0 2.79969e-15 0
714 0 2.79969e-15 0
715 0 2.79969e-15 0
716 0 2.79969e-15 0
717 0 2.79969e-15 0
718 0 2.79969e-15 0
719 0 1.9195e-15 0
720 0 2.79969e-15 0
721 0 1.9849e-15 0
722 0 2.79969e-15 0
723 0 2.79969e-15 0
724 0 2.79969e-15 0
725 0 2.79969e-15 0
726 0 1.88092e-15 0
727 0 inf 0
728 0 1.79755e-15 0
729 0 1.86435e-15 0
730 0 2.79969e-15 0
731 0 1.83132e-15 0
732 0 2.79969e-15 0
733 0 1.84785e-15 0
734 0 2.79969e-15 0
735 0 1.85778e-15 0
736 0 2.79969e-15 0
737 0 1.81398e-15 0
738 0 2.79969e-15 0
739 0 1.82657e-15 0
740 0 2.79969e-15 0
741 0 1.88205e-15 0
742 0 2.79969e-15 0
743 0 2.79969e-15 0
744 0 2.79969e-15 0
745 0 2.79969e-15 0
746 0 1.95458e-15 0
747 0 1.81862e-15 0
748 0 inf 0
749 0 1.89611e-15 0
750 0 inf 0
751 0 1.82581e-15 0
752 0 1.92658e-15 0
753 0 1.84873e-15 0
754 0 1.89063e-15 0
755 0 1.9195e-15 0
756 0 1.90848e-15 0
757 0 inf 0
758 0 2.68681e-15 0
759 0 2.68681e-15 0
760 0 2.68681e-15 0
761 0 2.68681e-15 0
762 0 2.68681e-15 0
763 0 2.68681e-15 0
764 0 1.91253e-15 0
765 0 2.68681e-15 0
766 0 1.92227e-15 0
767 0 2.68681e-15 0
768 0 1.94866e-15 0
769 0 2.68681e-15 0
770 0 2.06754e-15 0
771 0 2.68681e-15 0
772 0 1.95633e-15 0
773 0 2.68681e-15 0
774 0 1.79142e-15 0
775 0 2.68681e-15 0
776 0 1.97462e-15 0
